Теория вероятностей:
1 - 0.005
2 - 0.3
3 - 0.25
4 - 0.75
5 - 0.75
6 - 0.1
7 - 0.5
8 - 0.25
9 - 0.5 
10 - 0.25
11 - 0.81
12 - 0.035
13 - 0.7

Матрицы:
    	A+B	    B-A			A*C	    A*B*C
№3   (6 0 10      (-4 -4 -8	      (-2 16      (-31 486
       14 5 -4       0  5  0           -14 23      -34 -91
       -4 9 9)       0  7  -3)           8 -7)      7   312)

№4   (1 0 12       (1 4 -4	      (-46 3      (304 -150
       8 2 -4       -6 -8 0             11 3       69   27
       -4 4 3)       0 -2 3)            15 -18)    -163 75)

№5   (17 4 8       (-1 0 0	      (-6 12      (22 138
       7  6 -8       -7 -4 2            1 45      -93 129
      -4 -1 9)       -8 3 3)           -17 -19)    16 56)